:Product: Daily Geomagnetic Data     2018_DGD.txt
:Issued: 0000 UT 01 Jan 2019
#
#  Prepared by the U.S. Dept. of Commerce, NOAA, Space Weather Prediction Center
#  Please send comment and suggestions to SWPC.Webmaster@noaa.gov
#
#             Quarterly Daily Geomagnetic Data
#
#
#                Middle Latitude        High Latitude            Estimated
#              - Fredericksburg -     ---- College ----      --- Planetary ---
#  Date        A     K-indices        A     K-indices        A     K-indices
2018 01 01     8  3 3 1 2 2 2 1 1    23  2 4 5 5 5 1 0 0    11  3 4 2 2 3 1 1 1
2018 01 02     4  1 1 1 1 2 1 2 1     3  0 0 0 1 2 2 1 0     5  2 1 1 1 2 1 2 1
2018 01 03     3  0 1 1 1 1 2 1 0     2  0 0 1 2 0 1 0 0     4  1 1 1 1 1 1 1 1
2018 01 04     3  1 0 1 0 1 1 2 1     2  0 0 1 1 1 0 1 0     4  1 1 1 0 1 0 2 1
2018 01 05     5  1 2 2 1 2 2 1 1     4  0 0 3 2 1 1 1 0     5  1 2 2 1 1 1 1 2
2018 01 06     2  1 0 0 0 1 2 1 0     1  1 0 1 1 0 0 0 0     3  2 0 1 0 0 0 1 0
2018 01 07     2  1 0 0 0 1 2 1 1     0  0 0 0 0 0 0 0 0     3  1 0 0 0 0 1 1 1
2018 01 08     9  0 0 3 2 4 2 2 2    15  0 0 2 2 5 5 2 1     9  0 0 3 1 4 3 2 2
2018 01 09     7  3 2 2 1 2 2 2 1    10  2 2 2 4 3 3 0 0     9  4 2 2 2 2 2 2 2
2018 01 10     4  2 1 1 2 1 2 1 0     2  0 0 1 2 1 1 0 0     5  2 2 1 1 1 1 1 0
2018 01 11     2  0 1 0 0 1 2 1 0     0  0 0 0 0 0 0 0 0     2  0 1 0 0 1 1 1 1
2018 01 12     3  0 1 1 1 1 2 1 0     3  0 0 1 3 2 0 0 0     4  1 1 1 1 1 2 1 0
2018 01 13     7  0 1 1 1 2 3 3 2     9  0 0 1 4 4 2 1 1     7  0 1 2 1 2 2 3 2
2018 01 14    11  4 4 2 1 2 1 1 2    12  2 4 4 2 3 2 0 1    14  5 4 2 2 2 2 1 2
2018 01 15     7  3 2 3 2 1 1 1 1    12  2 2 4 3 3 3 1 1     9  4 2 3 2 1 2 2 2
2018 01 16     3  1 0 0 2 2 1 1 0     7  1 0 0 5 1 0 0 0     4  2 0 1 2 1 1 1 1
2018 01 17     1  0 0 0 0 1 1 1 0     2  0 0 0 3 0 0 0 0     3  1 0 0 1 1 0 1 1
2018 01 18     1  0 0 0 0 1 1 0 0     0  0 0 0 0 0 0 0 0     2  0 1 0 0 0 1 1 1
2018 01 19     6  1 3 2 1 1 2 1 2     9  0 2 4 4 1 0 1 1     8  1 3 3 2 1 1 2 2
2018 01 20     5  2 2 2 1 1 1 1 1    12  2 2 5 3 2 1 1 1     8  3 3 3 1 1 1 2 1
2018 01 21     8  0 1 2 3 3 2 2 2    18  0 0 3 3 6 3 3 2    10  1 1 2 3 3 2 3 3
2018 01 22     8  2 2 2 2 2 2 3 2     9  1 2 3 3 3 1 2 2    12  3 3 2 2 1 2 3 3
2018 01 23     3  2 1 0 1 1 1 1 0     4  1 1 1 2 3 0 0 0     4  2 2 1 1 1 1 0 0
2018 01 24     6  0 1 1 1 2 3 1 3    13  0 0 0 1 5 5 1 1     9  0 1 0 1 3 3 1 4
2018 01 25     9  3 3 2 2 1 2 2 2    11  2 1 2 3 2 4 3 1    10  3 3 2 2 1 3 2 2
2018 01 26     7  3 2 3 1 1 2 1 1     5  2 2 3 2 0 0 0 1     8  3 2 3 1 0 1 2 2
2018 01 27     5  2 2 1 2 1 1 1 1     7  2 1 1 3 3 1 1 1     6  3 2 1 2 1 1 2 1
2018 01 28     2  1 1 0 0 1 1 1 1     5  1 0 0 3 3 2 1 0     4  1 1 0 1 2 1 1 2
2018 01 29     3  1 0 1 2 1 1 1 1     5  0 0 1 3 3 1 0 0     4  1 0 2 2 1 1 1 1
2018 01 30     3  0 2 2 0 1 1 1 0     2  0 0 2 2 0 0 0 0     5  1 3 2 1 1 0 1 1
2018 01 31     5  0 0 2 2 2 2 1 2    16  0 0 4 5 5 1 0 1     7  0 0 2 2 2 2 1 3
2018 02 01     2  2 0 0 1 0 0 1 1     2  1 0 1 1 0 0 0 1     4  2 1 0 1 0 0 1 1
2018 02 02     3  2 1 1 1 1 1 0 1     2  1 0 2 1 0 0 0 0     4  2 1 1 1 1 1 0 0
2018 02 03     2  0 0 1 0 1 1 1 1     3  0 0 1 3 1 0 0 0     3  0 0 1 1 0 1 2 1
2018 02 04     3  0 1 0 1 1 1 2 1     1  0 0 0 1 0 0 1 0     3  0 1 0 1 0 1 2 1
2018 02 05     8  3 2 2 2 3 2 1 1    17  1 1 5 4 5 1 0 0     8  3 2 2 2 3 2 1 1
2018 02 06     4  1 2 1 1 1 1 1 1    10  0 0 2 5 4 0 0 0     5  1 2 2 2 1 0 1 1
2018 02 07     3  0 1 1 2 2 1 1 0     4  0 0 1 3 3 0 0 0     4  1 1 1 2 2 0 0 0
2018 02 08     2  0 1 0 1 1 1 1 1     1  0 0 0 2 0 0 0 0     4  1 1 1 1 1 0 1 2
2018 02 09     2  1 2 1 0 0 0 1 1     0  0 1 0 0 0 0 0 0     5  1 3 1 0 0 0 1 2
2018 02 10     7  1 2 2 3 2 1 2 1    10  0 0 0 4 5 2 0 0     7  1 2 1 3 2 2 2 1
2018 02 11     2  1 0 0 0 1 1 1 0     0  0 0 0 1 0 0 0 0     3  1 0 0 1 0 1 1 1
2018 02 12     3  0 2 2 0 0 0 2 1     0  0 0 0 0 0 0 1 0     4  0 1 2 1 0 0 2 1
2018 02 13     3  0 1 1 1 1 1 1 1     0  0 0 0 0 0 0 0 0     3  0 1 1 1 1 1 1 1
2018 02 14     2  1 0 0 0 1 1 1 1     0  0 0 0 0 0 0 0 0     3  1 0 0 0 0 0 1 2
2018 02 15     6  1 0 2 1 2 3 2 2    13  0 0 2 2 4 5 2 2    11  1 0 2 1 2 4 3 3
2018 02 16     7  2 2 3 2 1 1 1 2     4  2 1 2 1 1 1 1 1     7  2 2 2 1 1 1 2 2
2018 02 17    10  2 4 3 1 3 1 1 1    18  2 3 3 5 5 2 1 1    12  3 4 3 2 3 2 1 2
2018 02 18    14  4 1 3 2 3 4 2 2    19  3 2 3 4 4 5 2 1    14  4 2 3 2 3 4 2 2
2018 02 19    11  4 3 2 1 2 2 3 2    23  3 4 2 4 5 4 4 1    17  5 4 2 2 2 2 4 3
2018 02 20     3  3 0 0 1 1 1 1 0     4  2 0 0 2 2 2 0 0     5  3 1 0 1 1 1 1 0
2018 02 21     3  0 0 2 2 1 0 1 0     4  0 0 0 4 1 0 1 0     4  0 0 1 2 1 1 1 1
2018 02 22     9  2 1 1 2 2 3 3 3    13  0 1 0 4 4 4 3 1    11  2 1 1 2 2 3 4 4
2018 02 23    11  2 3 3 4 1 2 2 1    21  1 2 4 6 3 3 3 2    16  2 4 3 5 2 2 3 2
2018 02 24     6  3 3 2 2 1 0 0 0    11  3 3 4 3 3 0 0 0     9  3 3 3 2 2 0 1 1
2018 02 25     2  0 0 1 0 0 1 1 1     2  0 0 0 0 0 2 1 1     4  1 0 1 0 0 2 2 2
2018 02 26     6  1 1 2 1 2 1 1 3    10  1 1 3 4 3 3 0 0     7  2 2 2 2 2 1 1 3
2018 02 27    14  3 5 2 2 4 1 1 0    30  3 4 2 3 7 4 2 1    19  4 5 2 2 4 2 1 1
2018 02 28     4  1 2 1 1 1 1 1 1    15  1 2 2 5 5 2 0 1     7  2 2 1 2 2 1 1 1
2018 03 01     5  1 2 1 1 1 1 2 2     5  0 1 1 2 3 1 1 1     6  1 2 1 1 1 1 2 2
2018 03 02     3  1 1 1 1 1 1 1 1     3  1 1 2 2 0 1 0 0     4  2 1 1 1 1 1 1 1
2018 03 03     5  0 0 2 2 2 1 2 2     5  0 0 2 3 2 1 1 1     6  1 0 2 2 2 1 2 3
2018 03 04     7  3 3 2 1 1 1 1 2     3  2 1 1 1 1 1 0 0     6  3 2 2 1 1 1 1 1
2018 03 05     5  1 1 1 2 2 2 1 1     5  1 0 1 2 3 2 2 0     5  2 1 1 1 1 2 1 1
2018 03 06     4  1 1 1 1 1 2 1 1     5  1 0 0 3 3 1 0 0     5  2 1 1 1 1 2 1 1
2018 03 07     3  0 1 1 0 1 1 2 1     2  0 1 1 0 0 0 1 1     4  1 0 1 0 0 0 2 1
2018 03 08     3  0 1 2 1 1 1 1 0     0  0 0 1 0 0 0 0 0     4  0 1 2 1 0 0 1 1
2018 03 09    10  3 3 1 1 2 1 2 4     3  1 1 0 2 1 0 1 2    12  3 3 1 1 1 1 3 4
2018 03 10     9  3 3 2 2 2 1 2 2    22  3 4 5 5 4 1 1 1    12  4 4 3 2 2 1 2 2
2018 03 11     7  3 2 2 1 2 2 2 1     4  2 1 2 2 0 1 1 0     6  3 2 2 1 1 1 1 1
2018 03 12     2  1 0 0 1 2 1 1 0     0  0 0 0 0 1 0 0 0     3  1 0 0 1 1 1 1 0
2018 03 13     3  0 1 1 1 1 1 1 1     3  0 0 1 3 2 0 0 0     4  0 1 2 1 1 1 1 0
2018 03 14     6  0 0 1 1 2 3 2 3    11  0 0 1 2 2 5 3 2     9  1 0 1 1 1 4 3 4
2018 03 15    13  4 2 2 3 2 2 3 3    20  3 2 3 5 2 5 3 2    15  4 3 2 3 1 3 3 4
2018 03 16    17  3 4 3 3 3 3 3 3    40  3 4 6 6 5 5 3 2    20  3 4 3 3 3 4 3 4
2018 03 17    10  4 2 2 2 2 1 2 3    14  3 2 3 4 4 2 2 2    13  4 3 3 2 2 1 2 3
2018 03 18    16  3 2 0 1 4 3 3 5    33  3 1 2 4 6 6 4 4    25  3 3 1 1 3 4 5 6
2018 03 19    13  5 3 3 1 2 1 2 2    18  4 4 4 4 3 2 2 2    16  5 4 3 1 2 2 2 3
2018 03 20     7  3 3 0 0 2 1 2 2     4  2 1 0 2 2 1 1 0     8  3 3 1 1 2 0 2 2
2018 03 21     3  1 2 0 0 1 1 2 1     2  0 1 0 1 0 1 1 1     4  2 2 1 0 1 0 2 1
2018 03 22     6  1 2 1 1 2 2 1 3     5  1 1 0 0 2 1 2 3     7  1 2 1 1 1 2 3 3
2018 03 23    15  4 3 1 3 2 2 3 4    14  2 2 1 5 3 2 2 3    17  4 3 2 3 2 2 4 4
2018 03 24     7  2 1 2 2 2 1 2 3    20  2 1 3 6 4 3 1 2     9  2 2 2 2 2 2 2 3
2018 03 25    15  4 4 3 3 2 2 1 3    35  2 3 6 6 4 5 2 3    17  4 4 3 3 2 2 2 4
2018 03 26    10  3 3 3 2 1 2 2 2    22  3 3 2 6 4 3 2 2    12  3 3 3 2 2 2 2 3
2018 03 27     7  3 2 3 2 2 1 0 1    20  3 3 3 5 5 3 0 0     9  3 3 3 2 2 1 0 1
2018 03 28     2  1 0 1 0 1 1 1 0     2  1 0 2 1 0 0 0 0     3  1 0 1 1 0 0 0 0
2018 03 29     3  0 0 1 1 1 2 1 1     3  0 0 0 3 2 0 1 0     4  0 0 1 2 1 2 1 1
2018 03 30     4  1 1 1 2 2 1 1 1     3  1 1 1 2 1 0 0 1     5  2 2 1 1 1 1 1 1
2018 03 31     6  3 2 2 2 2 1 0 1     4  1 1 1 2 2 1 0 1     4  3 2 2 2 2 1 1 1
2018 04 01     4  1 1 2 1 2 1 1 1     3  1 0 2 2 2 0 1 0     5  2 1 1 2 2 1 1 1
2018 04 02     4  1 1 1 0 2 2 1 1     2  1 1 0 2 1 1 0 0     5  2 1 1 1 2 2 1 1
2018 04 03     3  1 2 2 1 0 1 1 0     2  1 1 2 0 0 0 0 0     4  2 2 2 0 0 0 0 0
2018 04 04     4  0 0 1 2 2 2 1 2     6  0 0 0 4 3 1 0 0     5  0 1 1 2 2 2 1 2
2018 04 05     8  2 2 1 1 2 3 3 2     4  2 1 1 1 1 2 2 0     9  3 2 1 1 1 3 3 2
2018 04 06     3  1 1 0 1 1 2 1 1     2  1 0 0 1 1 1 0 0     4  1 1 1 1 1 2 1 1
2018 04 07     4  0 1 1 1 2 1 1 2     2  1 1 1 1 1 0 0 0     5  1 1 1 1 1 1 0 2
2018 04 08     5  1 2 1 1 1 1 2 2     2  1 1 0 1 0 1 0 1     5  1 2 0 1 1 2 2 2
2018 04 09    11  2 1 3 2 2 2 3 4    12  1 1 3 3 4 2 2 3    11  2 1 3 2 2 2 2 4
2018 04 10    14  2 4 4 2 3 2 2 3    34  3 4 5 4 6 5 3 3    18  2 4 4 3 3 3 2 3
2018 04 11    12  4 3 4 2 2 0 1 2    22  4 4 6 4 2 1 1 1    14  5 4 4 2 2 0 1 2
2018 04 12     8  2 2 3 1 2 2 2 2    11  2 1 3 4 3 2 1 2     9  2 2 3 2 2 2 2 3
2018 04 13     8  3 2 2 2 2 1 2 2     9  3 2 3 3 3 0 1 1     9  4 2 2 2 2 1 2 2
2018 04 14     6  1 1 0 1 3 2 2 2     2  1 1 0 0 1 1 1 0     6  2 2 0 1 2 2 2 2
2018 04 15     5  2 1 1 1 2 1 2 1     6  1 1 3 2 3 1 0 0     6  2 2 1 1 2 1 1 2
2018 04 16     3  1 1 0 1 2 1 1 0     1  0 0 0 2 0 0 0 0     3  1 1 0 1 1 0 0 1
2018 04 17     3  0 1 1 1 2 1 1 1     1  0 0 1 0 1 0 0 0     4  1 1 1 1 1 1 0 2
2018 04 18     6  1 2 1 2 2 2 2 1     8  1 1 2 3 4 2 1 0     6  1 2 1 2 2 2 1 1
2018 04 19     2  0 0 1 1 2 0 1 0     1  0 0 0 2 0 0 0 0     3  0 1 0 2 1 0 1 0
2018 04 20    29  3 4 6 4 4 3 4 3    56  1 5 7 7 4 5 4 3    47  4 5 6 6 4 4 5 3
2018 04 21    10  3 2 3 1 2 2 3 2    28  3 2 5 5 5 5 2 1    12  3 3 3 2 2 3 3 1
2018 04 22     5  2 2 1 1 2 1 1 2     5  2 1 2 1 2 1 1 1     5  2 2 2 1 2 1 1 2
2018 04 23     6  2 2 1 2 3 0 2 1     5  2 2 0 0 2 2 2 2     6  3 2 1 1 1 1 2 2
2018 04 24     4  1 0 2 1 2 1 1 2     3  0 0 2 0 2 1 1 1     5  1 0 2 1 2 1 2 2
2018 04 25     4  2 2 2 0 2 1 0 1     3  1 2 2 1 1 0 0 0     5  2 2 2 1 1 0 0 1
2018 04 26     4  2 1 1 1 2 0 1 1     4  1 0 0 3 2 0 1 1     4  2 1 1 1 1 0 1 2
2018 04 27     5  1 0 0 1 2 2 2 3     4  1 0 0 0 1 3 2 1     6  1 0 1 1 2 3 2 2
2018 04 28     5  2 1 1 1 2 1 2 1     2  2 1 1 1 0 0 0 0     4  2 1 1 1 1 1 1 1
2018 04 29     3  0 0 1 1 2 1 1 2     0  0 0 0 0 0 0 0 0     4  1 0 1 1 2 1 0 1
2018 04 30    10  2 2 1 2 3 2 4 1     3  3 1 0 1 0 1 0 0     6  3 2 1 1 2 2 2 1
2018 05 01     3  0 1 1 1 2 0 1 1     1  1 1 0 0 0 0 0 1     3  0 1 1 0 1 0 1 1
2018 05 02     5  1 2 1 2 2 1 2 0     2  1 1 1 2 0 0 0 0     4  1 2 1 1 1 1 1 0
2018 05 03     3  0 0 0 1 2 1 1 2     0  0 0 0 0 0 0 0 1     4  1 1 1 1 1 1 1 2
2018 05 04     4  0 1 1 1 2 2 2 1     1  0 1 0 1 0 0 0 0     4  1 1 1 1 1 1 1 1
2018 05 05    12  1 1 1 3 3 3 3 4    27  1 1 0 2 5 6 5 4    20  1 1 0 3 3 5 4 5
2018 05 06    24  5 4 3 3 3 3 4 4    29  4 5 4 5 5 3 2 3    31  6 4 3 3 3 3 4 5
2018 05 07    14  3 4 3 2 3 2 2 3    31  3 5 5 4 5 5 1 2    17  4 4 3 2 3 3 2 3
2018 05 08    12  2 3 3 3 2 3 3 2    27  3 5 4 5 3 5 2 2    14  3 3 3 3 2 4 4 2
2018 05 09    13  3 3 3 2 3 2 3 3    29  3 3 6 4 5 3 3 3    16  3 3 3 2 3 2 4 4
2018 05 10    11  3 2 4 3 2 2 1 2    21  3 2 4 5 4 4 2 2    12  3 3 3 3 2 3 1 2
2018 05 11    19  2 4 3 2 4 2 5 3    28  2 3 6 4 5 4 2 3    16  2 4 4 2 3 2 4 4
2018 05 12    10  3 4 2 2 2 1 2 2     9  3 3 2 4 1 0 1 1    10  3 4 2 2 1 1 2 2
2018 05 13    10  1 2 3 3 3 2 2 2    12  1 1 3 5 3 2 1 1     8  2 2 2 2 2 2 2 2
2018 05 14     5  1 1 1 1 2 1 2 2     5  2 1 1 1 3 1 0 1     5  2 1 2 1 1 1 1 2
2018 05 15     5  1 1 1 1 2 2 1 2     2  1 1 1 0 0 1 0 1     4  1 1 1 1 1 1 1 2
2018 05 16     3  0 0 0 1 2 1 2 1     1  0 0 0 0 0 0 1 1     4  0 0 1 1 1 1 2 2
2018 05 17     9  2 2 2 2 3 2 3 2    15  2 2 1 3 5 4 2 2    10  3 2 2 3 3 2 2 2
2018 05 18     3  1 1 1 1 2 0 1 1     7  2 2 1 3 3 1 1 0     4  2 1 1 1 1 1 1 1
2018 05 19     3  0 0 0 1 2 2 1 1     0  0 0 0 0 0 1 0 0     3  0 1 0 1 1 1 1 1
2018 05 20     3  0 1 1 1 1 2 1 0     2  1 1 1 1 2 0 0 0     3  1 1 2 1 1 1 0 0
2018 05 21     3  0 1 0 2 1 1 1 1     1  0 1 0 2 0 0 0 0     3  0 1 1 1 0 1 0 1
2018 05 22     6  0 1 3 1 1 2 2 2     6  0 1 4 1 1 1 2 1     5  1 1 2 1 1 1 2 2
2018 05 23    10  2 3 3 2 3 2 2 2    18  2 3 4 5 4 3 0 1     9  2 2 3 3 3 2 1 2
2018 05 24     5  2 2 1 1 2 2 1 1     1  1 1 0 1 0 0 0 0     4  2 2 1 1 1 1 1 1
2018 05 25     4  1 0 0 1 2 1 3 0     2  2 1 1 1 1 0 0 0     3  2 1 0 1 1 0 1 0
2018 05 26     5  0 1 1 1 3 1 2 2     2  0 1 0 0 1 0 1 1     4  0 1 1 1 2 1 1 2
2018 05 27     5  2 2 1 2 2 1 1 1     5  2 2 0 3 2 0 1 1     4  2 2 1 1 1 1 1 1
2018 05 28     4  1 1 1 2 2 1 1 1     2  0 1 1 1 1 0 1 0     4  1 1 1 1 2 1 1 1
2018 05 29     5  2 2 1 2 2 1 1 1     2  1 2 1 0 0 0 1 0     4  1 2 1 1 1 1 1 1
2018 05 30     5  1 1 1 1 2 2 2 2     2  0 1 1 0 0 0 2 1     4  1 1 1 1 1 1 2 2
2018 05 31    11  2 2 1 2 3 3 3 3     9  2 2 0 3 1 3 3 2    12  2 2 1 2 2 4 4 3
2018 06 01    19  3 3 4 3 4 4 3 2    46  3 5 6 5 6 6 2 2    26  3 4 4 4 5 4 3 3
2018 06 02    14  3 3 3 2 3 3 3 3    25  3 4 4 5 5 2 3 3    17  3 4 3 2 3 2 4 4
2018 06 03     9  3 2 1 2 2 3 2 2    15  3 2 1 5 4 2 2 2     9  3 2 1 2 3 3 2 2
2018 06 04     5  1 2 1 1 2 1 2 1     4  2 2 1 2 1 1 1 0     5  1 2 2 1 1 1 2 1
2018 06 05     6  2 2 1 2 2 2 2 1     7  2 2 1 3 3 1 1 1     6  2 2 2 2 2 2 2 1
2018 06 06     9  1 2 0 2 2 3 4 2     5  1 1 0 0 2 2 3 1     7  1 1 0 1 1 2 4 2
2018 06 07     6  2 2 1 1 2 2 1 2     3  1 2 1 1 1 1 0 0     6  3 2 1 1 1 1 1 2
2018 06 08     5  1 3 1 2 2 1 0 0     6  2 2 0 3 3 0 0 0     4  1 2 1 2 2 0 0 0
2018 06 09     5  1 1 1 2 2 1 2 1     3  0 1 1 3 0 1 1 0     4  1 1 1 2 1 1 1 1
2018 06 10     4  1 2 1 1 2 1 2 0     0  0 1 0 0 0 0 0 0     4  1 2 1 0 1 1 1 1
2018 06 11     4  1 0 0 1 2 2 1 2     1  1 1 0 0 0 1 0 0     4  1 1 1 0 1 1 0 2
2018 06 12     5  2 2 1 1 2 1 1 1     2  1 1 1 0 0 0 0 1     4  2 2 1 0 1 0 1 1
2018 06 13     7  0 2 1 2 2 2 2 3     1  1 1 1 0 0 0 0 0     5  1 1 2 1 1 1 1 2
2018 06 14     7  3 2 2 2 2 1 1 1     3  2 1 1 1 2 0 0 1     5  2 1 2 1 1 1 1 1
2018 06 15     6  2 1 1 1 2 2 3 1     2  1 2 0 0 0 1 0 0     4  1 1 1 1 1 1 1 1
2018 06 16     4  1 1 1 1 2 2 1 1     1  1 1 0 0 0 0 0 0     3  1 1 1 1 1 1 0 1
2018 06 17     7  2 1 1 2 3 2 2 2     2  1 1 1 1 0 0 1 1     5  1 1 1 1 1 1 2 2
2018 06 18    20  5 4 4 4 2 3 1 2    33  4 3 5 6 6 2 1 2    19  5 4 4 4 3 2 2 2
2018 06 19     6  2 2 2 2 2 1 2 1    11  2 2 3 4 4 0 1 1     6  2 2 3 2 2 1 1 1
2018 06 20     7  1 2 3 3 2 1 1 1     6  1 2 3 3 1 1 0 1     5  1 2 2 2 1 1 1 1
2018 06 21     4  1 1 1 1 2 1 1 1     2  1 1 1 1 0 0 1 0     3  1 1 1 1 1 0 1 0
2018 06 22     4  0 1 1 2 2 1 1 1     1  0 1 1 0 0 0 1 0     4  0 1 1 1 1 1 1 1
2018 06 23    15  2 3 2 4 3 2 3 4    24  1 4 2 5 5 4 3 3    16  2 3 2 4 4 3 2 4
2018 06 24     8  2 2 3 2 2 1 2 2    11  3 2 3 3 4 1 1 1     7  2 2 3 2 2 1 1 2
2018 06 25    10  2 1 1 2 2 2 3 4    15  1 1 1 2 5 4 3 3    12  1 1 1 2 2 2 3 5
2018 06 26    17  5 3 3 3 3 2 3 2    33  5 4 4 5 5 4 4 3    20  5 3 3 4 3 3 3 2
2018 06 27     7  1 3 2 1 2 1 2 2    11  2 3 2 4 3 1 2 2     7  1 2 2 2 2 1 1 3
2018 06 28     5  1 1 1 1 2 2 2 1     5  2 1 1 1 2 1 1 2     5  2 1 1 1 2 1 2 1
2018 06 29     3  1 2 0 1 1 1 1 1     2  2 1 1 1 0 1 0 0     4  1 2 1 1 1 1 0 0
2018 06 30     3  0 0 1 2 2 1 1 1     2  0 1 0 1 1 1 1 1     6  0 1 1 1 1 1 0 1
2018 07 01     4  1 1 1 2 2 1 1 1     0  1 0 0 0 0 0 0 0     3  0 1 1 1 1 0 0 1
2018 07 02     4  1 1 0 1 2 2 2 1     0  0 1 0 0 0 0 0 0     3  1 1 1 1 1 1 1 0
2018 07 03     5  1 1 0 2 2 2 2 1     2  0 0 0 0 1 2 1 1     4  0 1 1 1 1 2 1 1
2018 07 04     4  1 1 1 1 2 2 1 1     5  0 2 2 1 3 1 1 0     5  1 1 2 1 2 1 1 1
2018 07 05    11  2 1 0 2 3 3 4 3    13  2 1 1 2 4 4 3 3    17  2 1 1 2 3 4 5 4
2018 07 06     8  3 2 2 2 2 1 2 2     8  2 3 1 3 3 1 1 1     7  3 2 1 2 2 1 1 2
2018 07 07     6  2 2 1 2 2 2 2 1     4  2 2 2 1 1 1 1 0     5  2 2 1 2 1 1 2 0
2018 07 08     6  1 1 1 2 3 1 1 2     2  1 1 1 1 1 0 0 1     4  1 1 1 1 1 1 1 1
2018 07 09     5  1 1 1 1-1 2 2 2     1  1 1 0 0 0 0 0 0     3  1 1 0 1 0 0 0 1
2018 07 10    11  2 3 3 2 3 2 3 1     6  2 2 2 3 2 1 0 0     7  2 2 2 2 2 1 1 1
2018 07 11     8  0 2 2 2 3 3 2 2    12  0 1 2 5 4 1 1 1     8  0 2 3 3 3 2 2 2
2018 07 12     8  1 2 3 2 2 2 2 2    10  1 1 4 3 3 1 1 2     8  1 3 3 2 2 2 2 2
2018 07 13     6  2 2 2 2 1 2 1 1     4  2 2 1 1 2 1 1 0     6  2 2 2 1 1 2 1 1
2018 07 14     4  1 1 1 2 2 1 1 1     4  1 1 1 3 2 0 0 0     5  1 2 2 2 2 1 1 0
2018 07 15     4  1 1 1 2 2 1 1 1     2  1 0 1 1 1 0 0 0     4  1 1 1 1 1 0 1 1
2018 07 16     8  1 2 2 2 2 2 3 2    14  1 2 4 5 2 2 1 2     9  1 2 3 2 2 2 3 3
2018 07 17     9  1 3 4 2 2 2 1 1    20  1 4 4 2 2 2 1 6     9  1 3 3 2 1 2 1 2
2018 07 18     4  1 1 1 1 2 1 1 1     1  1 1 0 0 0 0 1 0     4  1 1 1 1 1 1 1 1
2018 07 19     4  1 0 1 2 1 2 2 1     2  1 0 1 1 0 1 1 1     4  1 1 1 1 1 1 1 1
2018 07 20     7  2 1 2 3 2 1 2 2    15  2 1 2 5 5 1 1 1     7  2 1 2 3 2 1 2 2
2018 07 21    10  2 2 3 3 3 2 2 2    27  2 3 4 6 5 4 2 1    11  2 2 3 3 3 2 2 2
2018 07 22     5  2 2 1 2 2 1 1 1     6  1 2 2 4 1 1 0 0     5  2 1 2 2 1 1 1 1
2018 07 23     4  1 1 1 2 2 1 1 1     2  0 1 1 2 1 0 1 0     4  0 1 1 1 1 0 1 1
2018 07 24    16  3 4 4 3 3 2 2 3    24  3 4 5 4 4 4 1 3    17  4 3 3 3 2 3 3 4
2018 07 25    10  3 3 3 2 3 0 2 2    11  3 4 3 3 2 1 1 1     9  3 3 2 2 1 1 1 2
2018 07 26     6  1 2 1 2 3 1 1 1     2  1 1 1 0 1 0 0 1     4  1 1 1 1 2 1 0 1
2018 07 27     4  0 1 1 1 2 2 1 2     2  0 1 0 0 0 1 1 1     4  1 1 1 1 1 1 1 2
2018 07 28     6  2 2 1 2 2 2 1 1    11  1 2 0 5 4 1 1 0     5  2 2 2 2 2 1 1 1
2018 07 29     5  2 1 1 2 2 1 2 1     6  1 1 2 4 2 0 0 1     5  2 1 1 1 1 1 2 1
2018 07 30     5  1 1 1 2 1 2 2 2     2  1 1 0 0 0 0 1 1     5  1 1 1 1 1 1 2 2
2018 07 31     5  2 1 0 1 2 1 2 2     3  2 2 0 0 0 1 1 2     6  2 1 1 1 1 1 2 3
2018 08 01     5  2 1 0 1 2 1 2 2     3  1 1 0 1 1 1 1 2     6  2 1 1 1 2 2 2 3
2018 08 02     6  3 2 2 2 2 0 1 1     4  3 2 1 1 0 0 0 0     6  3 2 2 1 1 0 0 1
2018 08 03     6  1 1 1 3 3 1 1 1    13  1 1 2 6 2 1 1 0     6  1 1 1 3 2 1 1 1
2018 08 04     8  3 3 1 2 2 1 2 1     2  1 1 0 2 0 0 0 0     5  2 2 1 2 1 1 1 2
2018 08 05     6  1 1 1 2 3 1 2 2     4  1 1 1 3 2 0 0 0     4  1 1 1 2 1 1 0 1
2018 08 06     5  0 1 1 1 3 2 1 1     1  0 1 0 0 0 0 1 0     4  0 1 1 1 2 1 1 1
2018 08 07    11  2 2 2 3 3 2 3 3    13  2 3 1 2 5 3 2 1    10  2 2 2 2 3 2 3 2
2018 08 08     6  1 2 2 1 3 1 1 2     6  1 1 2 3 3 1 0 1     5  1 1 2 1 2 1 1 1
2018 08 09     6  1 1 2 2 2 0 3 2     4  1 0 2 3 2 0 0 0     5  1 1 2 2 1 0 1 1
2018 08 10     4  1 1 1 1 2 1 1 1     1  1 1 0 0 0 0 0 1     4  1 1 1 0 1 1 1 1
2018 08 11    11  1 2 3 2 4 2 2 3     8  1 2 2 2 3 2 2 2    11  2 2 2 2 3 2 2 4
2018 08 12     6  2 1 1 1 3 1 2 1     8  1 1 0 4 4 1 1 0     5  1 1 1 2 2 1 2 2
2018 08 13     6  0 2 1 2 3 2 2 1     6  1 1 1 3 4 0 0 0     5  1 2 1 2 2 1 1 1
2018 08 14     6  1 1 1 2 3 1 2 2     2  0 0 1 1 1 0 0 1     4  2 1 1 1 1 0 0 2
2018 08 15    12  2 2 3 3 3 2 3 3    30  1 1 4 6 6 4 3 2    14  2 1 2 3 4 3 3 4
2018 08 16    11  4 2 3 2 2 1 2 3    20  3 3 3 5 5 2 1 2    11  4 2 3 2 2 2 2 3
2018 08 17    14  4 4 2 2 2 1 3 3    13  3 4 4 3 1 0 2 2    13  3 4 3 2 1 1 3 3
2018 08 18    11  1 3 4 3 3 2 1 1    39  1 4 6 7 4 4 2 1    12  2 3 4 3 3 3 1 2
2018 08 19     8  3 2 2 2 2 1 2 2     7  1 2 2 3 1 2 2 1     8  2 2 2 2 1 2 2 2
2018 08 20    15  4 4 1 2 3 3 3 2    21  4 4 2 4 4 4 3 2    14  4 3 2 2 3 3 4 2
2018 08 21     6  2 1 2 2 2 1 1 2    10  2 2 4 4 2 1 0 1     7  3 2 2 2 1 1 1 2
2018 08 22     8  2 3 1 1 3 2 1 2     5  2 2 3 1 1 1 0 1     6  2 3 2 1 2 1 0 2
2018 08 23     5  2 1 2 1 2 1 2 1     2  1 1 2 0 1 0 1 0     5  2 1 2 1 1 1 1 1
2018 08 24     7  0 1 2 2 3 1 3 1    11  0 0 1 3 5 3 1 0     5  0 1 2 2 3 1 1 1
2018 08 25    12  1 1 3 3 3 2 2 4     6  2 2 1 1 1 1 2 3    11  1 1 2 2 2 1 3 4
2018 08 26    34  4 4 6 4 4 5 4 2    90  4 5 8 7 7 6 4 3    76  6 7 7 5 5 6 5 3
2018 08 27    20  3 3 3 4 4 4 4 2    56  2 2 6 6 6 7 5 1    26  2 3 3 4 4 6 5 3
2018 08 28     9  3 3 2 3 2 1 1 2    21  3 2 3 6 5 0 1 0    10  4 3 2 3 2 1 0 1
2018 08 29     7  2 2 2 2 2 2 2 2     5  1 1 1 3 1 1 1 1     6  2 2 1 1 1 2 1 2
2018 08 30     5  2 1 1 2 2 0 1 2     2  1 1 1 1 0 0 0 0     4  2 1 1 1 1 0 1 2
2018 08 31     4  1 1 1 1 2 1 2 0     4  1 1 0 2 2 2 2 0     5  2 1 1 1 1 2 2 1
2018 09 01     5  1 1 0 2 3 1 1 1     2  1 1 0 0 1 0 1 1     5  1 1 1 1 2 1 2 1
2018 09 02     5  1 2 2 1 1 1 1 2     2  1 1 1 0 0 1 1 1     5  2 2 2 1 1 1 1 2
2018 09 03     4  1 2 0 1 2 2 1 1     3  2 2 0 1 0 2 0 0     5  2 2 1 1 1 1 1 1
2018 09 04     9  2 3 3 1 2 1 2 3     7  1 3 3 2 1 1 1 1     9  2 3 3 1 1 2 2 3
2018 09 05     9  3 2 2 2 3 2 2 1    20  2 2 1 6 4 4 1 1    11  4 3 2 3 3 2 2 1
2018 09 06     5  2 1 2 1 1 1 1 2     7  1 1 3 2 3 2 1 0     6  2 1 2 1 1 1 1 2
2018 09 07     5  3 2 0 1 2 2 1 0     4  1 1 1 2 2 2 0 0     5  2 2 1 1 1 1 1 1
2018 09 08     5  0 1 2 2 2 1 1 2     2  1 0 1 0 1 0 0 1     5  1 1 3 1 1 1 1 2
2018 09 09     6  1 1 2 2 2 1 2 2     4  0 1 2 0 1 1 2 2     7  2 2 1 1 2 1 2 3
2018 09 10    15  1 1 1 3 3 3 3 5    23  0 0 2 3 5 5 5 3    21  1 1 1 2 3 5 5 5
2018 09 11    24  4 4 5 5 3 2 3 2    62  2 4 8 7 5 3 3 2    35  4 5 6 6 4 3 3 2
2018 09 12    10  2 2 1 2 2 3 3 3     9  2 1 1 4 3 2 2 1     9  2 2 1 2 2 2 2 3
2018 09 13    17  4 4 4 3 2 3 2 2    31  3 3 4 6 5 5 2 2    17  4 4 3 3 3 3 2 3
2018 09 14    11  4 3 2 2 2 2 2 2    24  5 4 3 5 4 2 3 2    16  5 4 3 2 2 2 3 3
2018 09 15     7  3 2 2 2 2 1 1 2     8  2 2 3 3 2 1 1 1     8  3 3 2 2 2 1 1 2
2018 09 16     5  2 1 2 2 1 1 1 1     4  2 1 2 2 2 0 1 0     6  2 2 2 2 1 0 1 2
2018 09 17     9  3 2 2 2 2 2 2 3     8  2 3 3 2 2 2 1 1    11  3 3 2 2 2 2 3 3
2018 09 18     5  2 1 2 2 1 1 1 1    12  2 1 3 5 3 1 1 1     6  3 2 2 2 1 1 1 1
2018 09 19     4  1 2 2 1 1 1 1 0     4  1 1 3 2 0 0 0 0     4  1 3 2 1 0 1 0 0
2018 09 20     2  1 0 0 1 1 0 1 0     1  1 0 0 1 0 0 0 0     2  1 0 0 1 1 0 0 0
2018 09 21     6  0 1 0 1 1 1 2 4     3  0 1 0 0 2 1 1 2     9  1 1 1 1 1 1 2 5
2018 09 22    20  4 3 3 4 4 2 3 4    30  5 2-1-1 6 3 3 3    27  5 4 3 4 4 3 4 4
2018 09 23     9  3 2 2 3 2 1 2 2    24  3 4 4 5 5 3 2 1    12  4 3 2 3 3 2 2 2
2018 09 24     5  2 2 2 1 2 0 1 2     9  2 2 2 4 2 1 1 2     7  3 3 2 2 2 1 2 2
2018 09 25     7  2 2 2 2 2 2 2 2     5  1 2 1 2 2 2 1 1    11  2 3 1 3 3 2 3 3
2018 09 26     6  1 2 2 1 2 2 1 2    10  1 0 4 3 3 2 1 2     8  1 2 3 1 2 2 1 3
2018 09 27     6  1 3 2 2 2 1 0 2     8  1 1 3 4 3 1 0 0     7  2 2 3 2 2 1 1 2
2018 09 28     8  2 3 3 1 2 1 1 2     7  2 3 4 0 0 0 1 2     8  3 3 3 1 1 0 1 2
2018 09 29     9  2 3 2 2 2 2 1 3    18  1 1 4 5 5 2 1 2    10  2 3 2 3 2 2 1 3
2018 09 30     4  1 2 0 1 1 1 2 2     3  1 1 0 1 2 0 1 1    19  1 3 0 1 1 0 2 2
2018 10 01     6  0 1 1 2 3 2 1 2    19  0 1 2 4 6 4 2 1     9  0 2 1 2 4 2 2 2
2018 10 02     6  3 2 2 1 2 1 1 1     4  2 1 2 1 1 1 1 0     8  4 3 2 1 2 1 2 0
2018 10 03     4  0 1 0 1 1 2 2 2     2  0 0 1 0 0 1 1 2     6  1 1 1 2 1 1 2 3
2018 10 04     4  1 0 1 0 2 2 2 1     4  1 0 0 0 2 3 1 1     4  1 0 1 0 1 2 1 1
2018 10 05     8  3 2 2 1 3 1 1 2     6  1 2 1 3 2 1 1 1     9  3 3 2 2 3 1 1 2
2018 10 06     5  3 1 2 2 1 0 1 0     6  1 1 2 4 2 0 0 0     6  3 1 2 2 1 0 1 0
2018 10 07    13  0 0 2 3 3 4 4 3    44  0 0 2 6 7 6 4 3    24  0 1 1 3 4 5 5 5
2018 10 08    16  4 4 3 3 3 3 1 2    53  3 5 6 6 7 5 2 1    21  4 4 4 3 4 3 2 2
2018 10 09    14  2 3 3 3 3 3 3 3    39  2 3 5 6 6 5 3 3    17  3 3 3 4 3 4 3 3
2018 10 10    12  3 1 1 2 3 3 4 2    33  2 1 1 6 6 5 4 3    18  4 1 1 2 3 3 5 3
2018 10 11     7  3 2 2 1 2 1 2 1    13  2 2 4 3 4 2 2 1     9  3 3 3 2 2 2 2 1
2018 10 12     4  1 2 2 1 1 1 1 1    10  1 1 3 5 2 1 0 1     5  1 2 2 1 1 1 1 1
2018 10 13    12  1 2 1 1 2 4 3 4    15  1 1 1 0 1 6 3 3    14  1 3 1 1 2 5 4 4
2018 10 14     4  1 1 1 1 2 2 1 1     8  2 1 1 4 3 1 0 1     6  2 1 1 2 2 2 1 2
2018 10 15     7  3 1 1 2 2 2 2 2     9  2 1 1 3 3 3 2 2    10  3 2 2 2 2 3 3 3
2018 10 16     4  2 0 1 1 2 2 1 0     4  2 0 0 3 2 1 1 0     5  2 1 1 2 2 2 1 1
2018 10 17     3  0 1 2 0 1 1 1 1     2  0 0 3 0 0 0 0 0     3  0 1 2 0 0 0 0 1
2018 10 18     0  0 0 0 0 0 0 1 0     0  0 0 1 0 0 0 0 0     2  1 1 1 0 0 0 0 0
2018 10 19     1  0 0 0 0 1 1 0 0     0  0 0 0 0 0 0 0 0     2  0 0 0 0 0 0 0 1
2018 10 20     0  0 0 0 0 0 0 1 0     0  0 0 0 0 0 0 0 0     2  1 0 0 0 0 0 0 0
2018 10 21     4  0 0 1 2 2 2 1 1     9  0 0 0 5 3 2 1 0     4  0 0 0 2 2 2 1 1
2018 10 22     5  2 2 1 1 2 2 1 1     6  1 1 1 3 3 1 0 1     6  3 2 2 1 1 1 1 1
2018 10 23     3  1 1 1 1 1 1 1 0     5  0 1 1 4 2 1 0 0     4  1 2 1 1 1 1 0 0
2018 10 24     2  1 0 1 1 1 0 1 1     1  0 0 0 2 1 0 0 0     3  1 0 1 2 0 0 1 1
2018 10 25     5  1 1 1 2 1 2 2 1     3  0 0 0 3 1 1 1 1     6  0 2 1 2 1 2 2 2
2018 10 26     6  2 1 1 1 2 2 2 2     4  0 0 0 3 2 1 1 1     6  2 1 1 2 2 1 2 2
2018 10 27     3  0 2 2 1 0 2 1 0     2  1 0 1 2 1 0 0 0     4  1 2 2 2 0 0 1 0
2018 10 28     2  1 0 1 0 1 2 1 0     0  0 0 1 0 0 0 0 0     4  2 1 1 1 0 1 1 0
2018 10 29     1  0 0 0 0 1 1 0 0     0  0 0 0 0 0 0 0 0     3  1 1 1 1 1 1 1 0
2018 10 30     4  2 2 0 0 1 2 1 1     0  0 0 0 0 0 0 0 0     4  2 2 1 1 0 1 1 1
2018 10 31     3  1 0 0 1 2 1 1 1     2  0 0 0 0 2 2 1 0     4  1 0 0 1 1 1 1 2
2018 11 01     5  1 1 2 2 1 1 2 1     7  0 0 3 4 2 1 0 0     5  1 1 2 2 1 1 1 1
2018 11 02     3  2 1 0 1 1 1 1 0     3  0 0 2 3 1 0 0 0     4  2 1 1 2 1 1 1 0
2018 11 03     3  2 2 0 0 1 0 0 1     0  0 0 0 0 0 0 0 0     4  2 2 1 0 0 0 0 1
2018 11 04     7  1 1 1 1 2 2 3 3    12  0 0 0 1 3 4 4 4    16  1 1 1 1 1 3 5 5
2018 11 05    22  4 5 4 4 3 2 3 2    44  3 5 6 6 5 5 4 2    35  4 6 5 5 3 3 4 3
2018 11 06     9  2 4 2 2 2 1 1 2    15  1 2 4 5 4 1 1 1    10  2 4 2 2 2 1 1 3
2018 11 07     8  2 3 3 1 2 1 2 2    12  2 2 5 1 3 2 1 1    10  3 3 3 1 1 1 2 3
2018 11 08    12  3 4 2 4 2 1 1 1    13  0 1 2 6 2 2 1 0    11  3 4 2 3 1 1 2 1
2018 11 09     6  1 0 1 2 1 2 2 3    15  1 1 1 4 4 3 3 4    10  1 1 1 2 1 3 3 4
2018 11 10    10  2 2 1 3 2 2 3 3    18  2 1 2 6 3 2 2 3    13  2 2 2 4 2 1 3 4
2018 11 11     5  2 1 2 1 1 1 2 2     7  3 2 2 3 2 0 1 1     7  3 2 2 1 1 1 2 2
2018 11 12     6  2 2 2 1 2 1 2 2    10  1 3 4 3 2 1 1 2     9  2 3 3 1 2 1 2 2
2018 11 13     3  1 1 1 1 1 1 1 0     2  1 0 2 2 0 0 0 0     4  2 1 1 1 1 0 1 0
2018 11 14     2  0 0 1 1 1 1 1 0     1  0 0 0 0 2 1 0 0     3  0 1 1 1 1 1 1 0
2018 11 15     1  0 0 0 0 1 1 0 0     0  0 0 0 0 0 1 0 0     2  0 0 0 0 0 1 0 0
2018 11 16     1  0 0 1 0 0 2 0 0     1  0 0 0 0 1 1 0 0     2  0 0 1 0 0 1 0 0
2018 11 17     1  0 0 1 0 0 1 0 0     0  0 0 0 0 0 0 0 0     1  0 0 1 0 0 0 0 0
2018 11 18     2  0 1 0 0 1 1 1 2     2  0 0 0 2 2 0 0 0     3  0 1 0 1 1 1 0 1
2018 11 19     2  1 1 1 0 0 0 1 1     1  0 0 1 0 0 1 0 0     4  1 2 1 1 0 1 1 1
2018 11 20     5  2 3 1 1 1 1 1 1     5  0 3 1 3 1 0 1 0     6  2 3 1 1 0 1 1 1
2018 11 21     3  1 2 1 1 1 1 0 1     2  0 2 1 2 0 0 0 0     5  1 3 1 1 1 0 0 1
2018 11 22     1  1 0 0 0 1 1 0 0     1  0 0 1 1 0 0 0 0     3  1 1 1 1 1 1 1 0
2018 11 23     1  0 1 0 1 0 0 0 0     0  0 0 0 1 0 0 0 0     3  1 1 1 1 0 0 1 1
2018 11 24     2  0 0 1 0 1 1 1 2     1  0 0 1 0 1 1 0 0     4  1 0 1 1 1 2 1 1
2018 11 25     3  2 1 0 1 1 1 0 1     3  0 0 0 2 3 0 0 0     3  1 1 0 1 1 1 0 1
2018 11 26     2  1 0 0 0 1 1 0 1     0  0 0 0 0 0 0 0 0     2  1 1 0 0 0 0 0 1
2018 11 27     4  0 1 0 1 2 2 2 2     2  0 0 0 1 1 2 1 1     5  1 1 0 1 2 2 2 2
2018 11 28     2  1 1 0 0 0 1 1 1     1  0 0 0 1 0 0 2 0     3  1 1 0 0 0 1 1 1
2018 11 29     2  2 0 0 0 1 1 0 1     1  0 0 0 2 0 0 0 0     3  2 0 0 0 0 0 0 1
2018 11 30     2  1 0 0 1 1 1 0 0     0  0 0 0 0 0 0 0 0     3  1 0 0 0 1 0 0 0
2018 12 01     4  0 1 0 0 2 3 2 1     6  0 1 0 1 3 3 2 1     8  1 1 1 1 2 3 3 2
2018 12 02     9  2 2 3 2 2 2 2 3    15  1 1 3 5 4 3 2 1    12  2 2 3 2 2 3 3 4
2018 12 03     9  2 1 2 1 3 3 3 2    21  1 1 2 5 5 5 2 1    10  3 2 2 1 3 3 3 2
2018 12 04     5  3 2 1 1 1 1 1 1     4  2 2 1 2 0 1 1 0     8  3 3 2 2 1 2 1 2
2018 12 05     3  2 2 0 0 1 1 0 2     3  0 0 0 2 3 1 0 0     5  2 2 0 1 1 1 0 2
2018 12 06     3  2 1 1 0 1 2-1 0     6  0 1 2 2 4 1 0 0     5  2 2 1 1 2 1 1 1
2018 12 07     8  1 2 3 2 2 1 3 2     9  0 1 2 3 4 2 2 2    10  1 3 3 2 2 2 3 2
2018 12 08    10  2 3 3 2 2 3 2 1    18  2 2 4 4 3 5 2 2    10  2 3 3 2 2 3 2 2
2018 12 09     6  1 1 1 1 1 2 2 3     8  1 1 0 2 1 3 1 4     9  2 1 1 1 1 3 3 4
2018 12 10     8  2 2 3 3 2 1 1 1    20  4 2 5 4 4 3 1 1    11  3 3 3 3 2 2 2 2
2018 12 11     7  1 1 3 3 1 2 2 1    12  0 1 4 5 1 2 2 1     7  1 2 3 2 0 2 2 2
2018 12 12     3  1 1 1 1 1 2 1 0     2  0 0 0 1 2 1 1 0     4  2 1 1 1 1 1 2 1
2018 12 13     2  0 1 0 0 1 2 1 0     1  0 0 0 1 0 1 0 0     3  0 1 0 0 0 1 0 0
2018 12 14     3  1 1 0 1 1 1 1 1     0  0 0 0 1 0 0 0 0     3  1 1 0 1 0 1 1 1
2018 12 15     1  0 0 0 0 1 1 1 0     0  0 0 0 0 0 0 0 0     2  1 0 0 0 0 0 1 0
2018 12 16     1  0 0 1 0 1 1 0 0     1  0 0 1 1 0 0 0 0     2  1 0 1 0 0 1 0 1
2018 12 17     5  1 1 2 1 1 2 2 2     2  0 0 0 0 2 0 1 1     6  1 1 2 1 1 2 2 2
2018 12 18     5  2 1 1 1 2 2 2 1     9  2 1 0 3 4 3 2 0     7  3 1 1 1 2 2 3 1
2018 12 19     4  0 1 1 2 1 2 1 2     5  0 0 2 3 2 1 1 1     6  1 1 1 2 1 2 1 2
2018 12 20     9  3 2 3 1 2 2 2 2    10  1 2 4 2 3 2 1 2    12  3 3 3 2 1 2 3 3
2018 12 21     4  1 1 1 1 2 1 1 1     1  0 0 1 1 0 0 0 0     5  2 2 1 1 1 0 1 1
2018 12 22     3  1 1 0 1 1 1 1 1     0  0 0 0 0 0 0 1 0     3  1 1 0 1 0 0 1 1
2018 12 23     3  1 0 0 0 2 2 1 0     0  0 0 0 1 0 0 0 0     3  1 0 0 0 1 0 1 1
2018 12 24     3  1 0 0 1 2 2 1 1     1  0 0 0 0 1 0 1 0     4  1 0 0 1 1 1 1 1
2018 12 25     4  1 2 0 0 2 2 1 1     2  0 0 0 0 2 2 0 0     4  1 2 0 0 1 1 1 1
2018 12 26     2  0 1 0 1 1 1 1 0     4  0 0 0 1 4 1 0 0     3  1 0 0 1 1 1 1 0
2018 12 27     5  2 2 0 0 2 2 1 2     1  0 0 1 0 0 0 0 1     5  1 2 1 0 0 1 1 3
2018 12 28    19  4 4 4 3 3 2 3 3    26  1 3 5 5 5 4 3 2    24  4 4 5 3 4 3 4 3
2018 12 29     9  2 2 3 2 3 2 2 2    20  2 2 5 5 4 3 2 0    11  3 3 3 2 3 2 2 2
2018 12 30     7  1 3 2 2 2 2 1 1    13  1 1 4 4 4 2 1 1    10  1 3 3 2 2 3 2 2
2018 12 31     7  3 2 2 2 2 1 1 1    14  1 1 1 5 5 1 0 1     7  3 2 2 2 2 1 0 1
